[[1.0, 0.42638049550950247, 0.4211656807410172, 0.46851701533200407, 0.5264677221373874, 0.3297993097717009, 0.3028102098987829, 0.3856717517569828, 0.43442495755136096, 0.3673301000525453, 0.3808585553772735, 0.4242552549312818, 0.40877987866979915, 0.5204957961014991, 0.4590297087304291, 0.3636257930172906, 0.4041372149484774, 0.41986084433254084, 0.38541110487166497, 0.3580540314578096, 0.3472697996873448, 0.3576914898901042, 0.42115770268774344, 0.40457607759541153, 0.40896499261402736], [0.42638049550950247, 1.0, 0.4879798920384941, 0.4660700463459701, 0.538900739653566, 0.3791975265965537, 0.29133861969339836, 0.4003402685034868, 0.36753770316058587, 0.45337555272715263, 0.3917088129469289, 0.4037181389473056, 0.5304599461463122, 0.46597130690998295, 0.32115492480743835, 0.4022887959263717, 0.34057523191616834, 0.4645466609781943, 0.31024236932695726, 0.30598057156653724, 0.4062337846258485, 0.2864858465333888, 0.3473013182298018, 0.3573436826394613, 0.4319225572307316], [0.4211656807410172, 0.4879798920384941, 1.0000000000000002, 0.44600245897406704, 0.59012436631716, 0.4474583432149252, 0.34856141306382504, 0.41783522831315295, 0.4285217162923064, 0.4850951061062875, 0.3768348168290326, 0.5443115903066057, 0.5321802324142242, 0.5582037652202718, 0.43572815032408646, 0.39439835142921364, 0.3710006478401391, 0.38684972427843917, 0.33432657448091735, 0.34735384183941054, 0.41112531377890815, 0.31641376157020584, 0.3621136981735486, 0.43753283646007357, 0.4122375359974253], [0.46851701533200407, 0.4660700463459701, 0.44600245897406704, 1.0, 0.4829172823438383, 0.34805066039935184, 0.33691547356845936, 0.42180754584920055, 0.4260891354138571, 0.4397333542834963, 0.38481145295816227, 0.36281867236195203, 0.4116827033610152, 0.5129079697235236, 0.3593048452341947, 0.3585389102223691, 0.38976049895076903, 0.4013696340906449, 0.289780307205789, 0.3308022274001801, 0.35651375402867547, 0.3437397426980702, 0.3705545751953197, 0.40370538270575956, 0.42579908443865805], [0.5264677221373874, 0.538900739653566, 0.59012436631716, 0.4829172823438383, 1.0000000000000002, 0.44259345575916226, 0.35371755819252265, 0.434665557301874, 0.41662706703373203, 0.4531367646281621, 0.40698376967084815, 0.49168082474236424, 0.48110750029814975, 0.4996465383032688, 0.39565177388176315, 0.4304268026978585, 0.38019185025078245, 0.42728637902363914, 0.32480425828255594, 0.33295332168793024, 0.4278677900928073, 0.33929681808547285, 0.38907229963649914, 0.40518061130489647, 0.4040046491803481], [0.3297993097717009, 0.3791975265965537, 0.4474583432149252, 0.34805066039935184, 0.44259345575916226, 1.0, 0.38162173153919343, 0.4863684325315211, 0.471141360382726, 0.5334958906675815, 0.35176438530140663, 0.44469563197098594, 0.4011300125606242, 0.42953340414653063, 0.332703146972923, 0.43600609430928483, 0.36924714834961253, 0.44587066829141353, 0.34473404509565586, 0.33163511341997703, 0.40148411613881385, 0.40590578338245276, 0.3019173449526383, 0.3574983877367203, 0.3077983811614877], [0.3028102098987829, 0.29133861969339836, 0.34856141306382504, 0.33691547356845936, 0.35371755819252265, 0.38162173153919343, 1.0000000000000002, 0.45431270033003124, 0.42632696269560133, 0.4063605356190858, 0.2776541208148039, 0.39779385907952886, 0.3693944294458917, 0.3539620099606372, 0.3160934275741008, 0.3165284766910521, 0.28809911464651206, 0.33426630324564766, 0.3166384584313349, 0.22917929454510672, 0.40687086725307203, 0.35246862037536947, 0.31861897193085287, 0.3446743180983347, 0.33304864132635315], [0.3856717517569828, 0.4003402685034868, 0.41783522831315295, 0.42180754584920055, 0.434665557301874, 0.4863684325315211, 0.45431270033003124, 1.0, 0.4987716989082667, 0.5392679516139044, 0.3794217182872086, 0.47738375010253997, 0.4056751252654086, 0.4770280312522149, 0.393347693249924, 0.4007380137848406, 0.3069252592438478, 0.36472218539943757, 0.31970475637932044, 0.31996638371825903, 0.3502617991294782, 0.3951102279426719, 0.3135894429239094, 0.39770281998530055, 0.4119943330877031], [0.43442495755136096, 0.36753770316058587, 0.4285217162923064, 0.4260891354138571, 0.41662706703373203, 0.471141360382726, 0.42632696269560133, 0.4987716989082667, 1.0, 0.44777139740226746, 0.3311272609915325, 0.47331420345266223, 0.41235991919748893, 0.47724164666240254, 0.4775514642079446, 0.34803640321654356, 0.35923064687604633, 0.3777971168134171, 0.33698104825001535, 0.34425480464789726, 0.40604446260080707, 0.39404803510997705, 0.36880999518492497, 0.3589111996524028, 0.3024905245967897], [0.3673301000525453, 0.45337555272715263, 0.4850951061062875, 0.4397333542834963, 0.4531367646281621, 0.5334958906675815, 0.4063605356190858, 0.5392679516139044, 0.44777139740226746, 0.9999999999999999, 0.33265493595356943, 0.44827718648883935, 0.41529859963543647, 0.49813328738925394, 0.3480423378504507, 0.389865277101823, 0.37459838332827455, 0.3742738905889736, 0.3181853708962133, 0.3486916998001028, 0.39429638211822987, 0.4330710337691144, 0.3553588479527133, 0.5907516868567925, 0.40392962152973955], [0.3808585553772735, 0.3917088129469289, 0.3768348168290326, 0.38481145295816227, 0.40698376967084815, 0.35176438530140663, 0.2776541208148039, 0.3794217182872086, 0.3311272609915325, 0.33265493595356943, 0.9999999999999999, 0.39309589483447555, 0.40878456864665497, 0.3836253904996916, 0.46889215590947986, 0.3739143273574752, 0.3763118718840765, 0.43792752343691094, 0.3846528311104515, 0.3106375237977142, 0.32998066035285306, 0.3464427171685863, 0.36122126751836625, 0.36281004791471017, 0.391360527571041], [0.4242552549312818, 0.4037181389473056, 0.5443115903066057, 0.36281867236195203, 0.49168082474236424, 0.44469563197098594, 0.39779385907952886, 0.47738375010253997, 0.47331420345266223, 0.44827718648883935, 0.39309589483447555, 1.0000000000000002, 0.5111976541044472, 0.6095740812288697, 0.49254032547603993, 0.33305182156327484, 0.3776763776058215, 0.3677428436811224, 0.36343621365146334, 0.34631651442297573, 0.38965468366668843, 0.39280408238097847, 0.3615181815265173, 0.3742051143879784, 0.38848830286857455], [0.40877987866979915, 0.5304599461463122, 0.5321802324142242, 0.4116827033610152, 0.48110750029814975, 0.4011300125606242, 0.3693944294458917, 0.4056751252654086, 0.41235991919748893, 0.41529859963543647, 0.40878456864665497, 0.5111976541044472, 1.0000000000000002, 0.4404742716892828, 0.4179426278873574, 0.4080051434573195, 0.35937285914690303, 0.4538230611844466, 0.3430764297515122, 0.3239188616389811, 0.4042279082232998, 0.31240602543029794, 0.32368137484016074, 0.4258553100477439, 0.4304871223421989], [0.5204957961014991, 0.46597130690998295, 0.5582037652202718, 0.5129079697235236, 0.4996465383032688, 0.42953340414653063, 0.3539620099606372, 0.4770280312522149, 0.47724164666240254, 0.49813328738925394, 0.3836253904996916, 0.6095740812288697, 0.4404742716892828, 1.0, 0.4961434360972869, 0.3600699887540744, 0.38846796863490857, 0.383165942580955, 0.3682811473526727, 0.36063634664481614, 0.42163885604452606, 0.36116497903729816, 0.37936685441233964, 0.3910715194991541, 0.43500813146237577], [0.4590297087304291, 0.32115492480743835, 0.43572815032408646, 0.3593048452341947, 0.39565177388176315, 0.332703146972923, 0.3160934275741008, 0.393347693249924, 0.4775514642079446, 0.3480423378504507, 0.46889215590947986, 0.49254032547603993, 0.4179426278873574, 0.4961434360972869, 1.0, 0.3069275812350507, 0.3533080737167272, 0.30971601846338787, 0.2661035159394337, 0.28021095154395426, 0.33628314473237747, 0.3284973441441014, 0.322648470246861, 0.31550287313346337, 0.36548305199525677], [0.3636257930172906, 0.4022887959263717, 0.39439835142921364, 0.3585389102223691, 0.4304268026978585, 0.43600609430928483, 0.3165284766910521, 0.4007380137848406, 0.34803640321654356, 0.389865277101823, 0.3739143273574752, 0.33305182156327484, 0.4080051434573195, 0.3600699887540744, 0.3069275812350507, 1.0, 0.3489771063982349, 0.5275633749368248, 0.419151264069752, 0.3229471031491445, 0.4139562173183463, 0.3556519699698803, 0.4027279763852437, 0.3507259879654111, 0.38451245424449293], [0.4041372149484774, 0.34057523191616834, 0.3710006478401391, 0.38976049895076903, 0.38019185025078245, 0.36924714834961253, 0.28809911464651206, 0.3069252592438478, 0.35923064687604633, 0.37459838332827455, 0.3763118718840765, 0.3776763776058215, 0.35937285914690303, 0.38846796863490857, 0.3533080737167272, 0.3489771063982349, 0.9999999999999999, 0.43373705445542715, 0.3764453873770666, 0.4323606359871046, 0.3264729772551505, 0.3855767212557782, 0.40211578820869354, 0.3867677426106341, 0.35514207271276305], [0.41986084433254084, 0.4645466609781943, 0.38684972427843917, 0.4013696340906449, 0.42728637902363914, 0.44587066829141353, 0.33426630324564766, 0.36472218539943757, 0.3777971168134171, 0.3742738905889736, 0.43792752343691094, 0.3677428436811224, 0.4538230611844466, 0.383165942580955, 0.30971601846338787, 0.5275633749368248, 0.43373705445542715, 0.9999999999999998, 0.5422610110867522, 0.4202434423843251, 0.42768186541435677, 0.34561037611314616, 0.3865902037617697, 0.3125158659119626, 0.41226903175529067], [0.38541110487166497, 0.31024236932695726, 0.33432657448091735, 0.289780307205789, 0.32480425828255594, 0.34473404509565586, 0.3166384584313349, 0.31970475637932044, 0.33698104825001535, 0.3181853708962133, 0.3846528311104515, 0.36343621365146334, 0.3430764297515122, 0.3682811473526727, 0.2661035159394337, 0.419151264069752, 0.3764453873770666, 0.5422610110867522, 1.0, 0.2752473470840637, 0.35505217748621504, 0.2919567095781216, 0.3397134231287196, 0.299889221368504, 0.2684040028494611], [0.3580540314578096, 0.30598057156653724, 0.34735384183941054, 0.3308022274001801, 0.33295332168793024, 0.33163511341997703, 0.22917929454510672, 0.31996638371825903, 0.34425480464789726, 0.3486916998001028, 0.3106375237977142, 0.34631651442297573, 0.3239188616389811, 0.36063634664481614, 0.28021095154395426, 0.3229471031491445, 0.4323606359871046, 0.4202434423843251, 0.2752473470840637, 1.0, 0.3405239741005654, 0.39180771475188775, 0.33995872907913, 0.3199423969324035, 0.34166106776696437], [0.3472697996873448, 0.4062337846258485, 0.41112531377890815, 0.35651375402867547, 0.4278677900928073, 0.40148411613881385, 0.40687086725307203, 0.3502617991294782, 0.40604446260080707, 0.39429638211822987, 0.32998066035285306, 0.38965468366668843, 0.4042279082232998, 0.42163885604452606, 0.33628314473237747, 0.4139562173183463, 0.3264729772551505, 0.42768186541435677, 0.35505217748621504, 0.3405239741005654, 1.0000000000000002, 0.3889706971696203, 0.38974611283567534, 0.38881685037621777, 0.32495928917665173], [0.3576914898901042, 0.2864858465333888, 0.31641376157020584, 0.3437397426980702, 0.33929681808547285, 0.40590578338245276, 0.35246862037536947, 0.3951102279426719, 0.39404803510997705, 0.4330710337691144, 0.3464427171685863, 0.39280408238097847, 0.31240602543029794, 0.36116497903729816, 0.3284973441441014, 0.3556519699698803, 0.3855767212557782, 0.34561037611314616, 0.2919567095781216, 0.39180771475188775, 0.3889706971696203, 0.9999999999999999, 0.29740633790551124, 0.4180954410053815, 0.3321063674407851], [0.42115770268774344, 0.3473013182298018, 0.3621136981735486, 0.3705545751953197, 0.38907229963649914, 0.3019173449526383, 0.31861897193085287, 0.3135894429239094, 0.36880999518492497, 0.3553588479527133, 0.36122126751836625, 0.3615181815265173, 0.32368137484016074, 0.37936685441233964, 0.322648470246861, 0.4027279763852437, 0.40211578820869354, 0.3865902037617697, 0.3397134231287196, 0.33995872907913, 0.38974611283567534, 0.29740633790551124, 0.9999999999999998, 0.43351491423445065, 0.40839237755823576], [0.40457607759541153, 0.3573436826394613, 0.43753283646007357, 0.40370538270575956, 0.40518061130489647, 0.3574983877367203, 0.3446743180983347, 0.39770281998530055, 0.3589111996524028, 0.5907516868567925, 0.36281004791471017, 0.3742051143879784, 0.4258553100477439, 0.3910715194991541, 0.31550287313346337, 0.3507259879654111, 0.3867677426106341, 0.3125158659119626, 0.299889221368504, 0.3199423969324035, 0.38881685037621777, 0.4180954410053815, 0.43351491423445065, 1.0, 0.3960428966017355], [0.40896499261402736, 0.4319225572307316, 0.4122375359974253, 0.42579908443865805, 0.4040046491803481, 0.3077983811614877, 0.33304864132635315, 0.4119943330877031, 0.3024905245967897, 0.40392962152973955, 0.391360527571041, 0.38848830286857455, 0.4304871223421989, 0.43500813146237577, 0.36548305199525677, 0.38451245424449293, 0.35514207271276305, 0.41226903175529067, 0.2684040028494611, 0.34166106776696437, 0.32495928917665173, 0.3321063674407851, 0.40839237755823576, 0.3960428966017355, 0.9999999999999998]]